第四次测试数据结果:

WR00L2L2        8704    72     2     2               7.19             6.1133e+01
WR00L2L2        8704    80     2     2               7.58             5.8030e+01
WR00L2L2        8704    88     2     2               8.38             5.2490e+01
WR00L2L2        9216    72     2     2              11.46             4.5550e+01
WR00L2L2        9216    80     2     2              11.19             4.6632e+01
WR00L2L2        9216    88     2     2              11.53             4.5274e+01
WR00L2L2        9728    72     2     2              12.92             4.7531e+01
WR00L2L2        9728    80     2     2              10.41             5.8965e+01
WR00L2L2        9728    88     2     2              10.97             5.5965e+01

WR00L2L2        8704    72     2     2              10.44             4.2122e+01
WR00L2L2        8704    80     2     2               9.33             4.7155e+01
WR00L2L2        8704    88     2     2               9.17             4.7963e+01
WR00L2L2        9216    72     2     2               9.10             5.7354e+01
WR00L2L2        9216    80     2     2               9.43             5.5361e+01
WR00L2L2        9216    88     2     2              10.78             4.8403e+01
WR00L2L2        9728    72     2     2              14.03             4.3750e+01
WR00L2L2        9728    80     2     2              10.89             5.6347e+01
WR00L2L2        9728    88     2     2              11.08             5.5411e+01

WR00L2L2        8704    72     2     2               8.09             5.4338e+01
WR00L2L2        8704    80     2     2               7.78             5.6507e+01
WR00L2L2        8704    88     2     2               8.53             5.1544e+01
WR00L2L2        9216    72     2     2              12.38             4.2162e+01
WR00L2L2        9216    80     2     2              12.31             4.2418e+01
WR00L2L2        9216    88     2     2              12.84             4.0666e+01
WR00L2L2        9728    72     2     2              16.21             3.7863e+01
WR00L2L2        9728    80     2     2              16.05             3.8257e+01
WR00L2L2        9728    88     2     2              15.72             3.9061e+01

WR00L2L2        8704    72     2     2              11.76             3.7400e+01
WR00L2L2        8704    80     2     2              11.19             3.9284e+01
WR00L2L2        8704    88     2     2              11.55             3.8086e+01
WR00L2L2        9216    72     2     2              14.70             3.5497e+01
WR00L2L2        9216    80     2     2              13.43             3.8858e+01
WR00L2L2        9216    88     2     2              13.40             3.8945e+01
WR00L2L2        9728    72     2     2              17.05             3.5997e+01
WR00L2L2        9728    80     2     2              16.56             3.7065e+01
WR00L2L2        9728    88     2     2              16.65             3.6875e+01

WR00L2L2        8704    72     2     2              12.43             3.5380e+01
WR00L2L2        8704    80     2     2              12.34             3.5626e+01
WR00L2L2        8704    88     2     2              12.65             3.4771e+01
WR00L2L2        9216    72     2     2              15.43             3.3818e+01
WR00L2L2        9216    80     2     2              14.82             3.5218e+01
WR00L2L2        9216    88     2     2              14.77             3.5342e+01
WR00L2L2        9728    72     2     2              17.72             3.4643e+01
WR00L2L2        9728    80     2     2              17.72             3.4636e+01
WR00L2L2        9728    88     2     2              17.44             3.5207e+01

WR00L2L2        8704    72     2     2              13.15             3.3436e+01
WR00L2L2        8704    80     2     2              12.39             3.5501e+01
WR00L2L2        8704    88     2     2              12.33             3.5676e+01
WR00L2L2        9216    72     2     2              15.71             3.3235e+01
WR00L2L2        9216    80     2     2              15.45             3.3774e+01
WR00L2L2        9216    88     2     2              15.25             3.4219e+01
WR00L2L2        9728    72     2     2              18.54             3.3111e+01
WR00L2L2        9728    80     2     2              17.94             3.4220e+01
WR00L2L2        9728    88     2     2              17.86             3.4379e+01

WR00L2L2        8704    72     2     2              13.48             3.2630e+01
WR00L2L2        8704    80     2     2              13.01             3.3806e+01
WR00L2L2        8704    88     2     2              13.15             3.3430e+01
WR00L2L2        9216    72     2     2              17.23             3.0302e+01
WR00L2L2        9216    80     2     2              15.84             3.2958e+01
WR00L2L2        9216    88     2     2              15.81             3.3025e+01
WR00L2L2        9728    72     2     2              18.86             3.2547e+01
WR00L2L2        9728    80     2     2              18.79             3.2673e+01
WR00L2L2        9728    88     2     2              18.10             3.3910e+01

WR00L2L2        8704    72     2     2              13.78             3.1920e+01
WR00L2L2        8704    80     2     2              13.66             3.2196e+01
WR00L2L2        8704    88     2     2              13.58             3.2376e+01
WR00L2L2        9216    72     2     2              17.42             2.9958e+01
WR00L2L2        9216    80     2     2              16.91             3.0859e+01
WR00L2L2        9216    88     2     2              16.47             3.1700e+01
WR00L2L2        9728    72     2     2              19.79             3.1016e+01
WR00L2L2        9728    80     2     2              19.45             3.1568e+01
WR00L2L2        9728    88     2     2              18.74             3.2766e+01

WR00L2L2        8704    72     2     2              14.90             2.9521e+01
WR00L2L2        8704    80     2     2              14.34             3.0662e+01
WR00L2L2        8704    88     2     2              14.02             3.1358e+01
WR00L2L2        9216    72     2     2              17.17             3.0406e+01
WR00L2L2        9216    80     2     2              16.95             3.0786e+01
WR00L2L2        9216    88     2     2              16.24             3.2150e+01
WR00L2L2        9728    72     2     2              19.87             3.0896e+01
WR00L2L2        9728    80     2     2              19.81             3.0982e+01
WR00L2L2        9728    88     2     2              19.06             3.2208e+01

WR00L2L2        8704    72     2     2              14.90             2.9521e+01
WR00L2L2        8704    80     2     2              14.40             3.0538e+01
WR00L2L2        8704    88     2     2              14.03             3.1344e+01
WR00L2L2        9216    72     2     2              17.88             2.9199e+01
WR00L2L2        9216    80     2     2              16.59             3.1465e+01
WR00L2L2        9216    88     2     2              16.57             3.1503e+01
WR00L2L2        9728    72     2     2              20.39             3.0107e+01
WR00L2L2        9728    80     2     2              20.20             3.0396e+01
WR00L2L2        9728    88     2     2              20.05             3.0613e+01
