0 0
0 0
0 0
0 0
0 0
0 0
0 0
0 0
0 0
0 0
0 0
0 0
0 0
0 0
0 0
0 0
0 0
0 0
0 0
0 0
0 0
0 0
0 0
0 0
0 0
0 0
0 0
0 0
0 0
0 0
0 0
0 0
0 0
0 0
0 0
0 0
0 0
0 0
0 0
0 0
0 0
0 0
0 0
0 0
0 0
0 0
0 0
0 0
0 0
0 0
0 0
0 0
0 0
0 0
0 0
0 0
0 0
0 0
0 0
0 0
0 0
0 0
0 0
0 0
0 0
0 0
0 0
0 0
0 0
0 0
0 0
0 0
0 0
0 0
0 0
0 0
0 0
0 0
0 0
0 0
0 0
0 0
0 0
0 0
0 0
0 0
0 0
0 0
0 0
0 0
0 0
0 0
0 0
0 0
0 0
0 0
0 0
0 0
0 0
0 0
0 0
0 0
0 0
0 0
0 0
0 0
0 0
0 0
0 0
0 0
0 0
0 0
0 0
0 0
0 0
0 0
0 0
0 0
0 0
0 0
0 0
0 0
0 0
0 0
0 0
0 0
0 0
0 0
0 0
0 0
0 0
0 0
0 0
0 0
0 0
0 0
0 0
0 0
0 0
0 0
0 0
0 0
0 0
0 0
0 0
0 0
0 0
0 0
0 0
0 0
0 0
0 0
0 0
0 0
0 0
0 0
0 0
0 0
0 0
0 0
0 0
0 0
0 0
0 0
0 0
0 0
0 0
0 0
0 0
0 0
0 0
0 0
0 0
0 0
0 0
0 0
0 0
0 0
0 0
0 0
0 0
0 0
0 0
0 0
0 0
0 0
0 0
0 0
0 0
0 0
0 0
0 0
0 0
0 0
0 0
0 0
0 0
0 0
0 0
0 0
0 0
0 0
0 0
0 0
0 0
0 0
1444719179 268493213
2 936
1 2052
-1545952319 32
0 0
0 0
0 0
0 0
0 0
0 0
0 0
0 0
0 404228096
404232216 404232216
404232216 404232216
404232216 404232216
134744072 673712136
673720360 673720360
673720360 673720360
673720360 673720360
134744072 202115080
202116108 202116108
202116108 202116108
202116108 202116108
202116108 202116108
202116108 202116108
202116108 202116108
202116108 202116108
202116108 202116108
202116108 202116108
202116108 202116108
202116108 202116108
202116108 202116108
202116108 202116108
202116108 202116108
202116108 202116108
202116108 0
0 0
0 0
0 0
0 0
0 0
0 0
0 0
0 1650524160
1717920867 1785292903
1852664939 1920036975
1987409011 2054781047
0 1111556096
1178944579 1246316615
1313688651 1381060687
1448432723 1515804759
0 0
0 0
0 0
0 0
0 0
0 0
0 0
0 0
0 0
0 0
0 0
0 0
0 0
0 0
0 0
0 0
0 0
0 0
-1575179585 201384053
15484632 0
15484663 0
15484703 0
15484752 0
15484812 0
15484861 0
15484883 0
15484919 0
15484986 0
15485059 0
15485109 0
15485122 0
15485145 0
15485203 0
15485229 0
15485272 0
15485295 0
15485310 0
15485370 0
15485416 0
15485477 0
15485540 0
15485603 0
15485637 0
15485661 0
15485725 0
15485759 0
15485773 0
15486915 0
15486977 0
15487006 0
15487079 0
15487097 0
15487121 0
15487148 0
15487178 0
15487219 0
15487249 0
15487356 0
15487379 0
15487399 0
15487414 0
15487436 0
15487476 0
15487515 0
15487535 0
15487570 0
15487586 0
15487614 0
15487632 0
0 0
1431063617 1397900627
1179603536 1027951689
1348221507 1919381362
1631874401 1090543988
1094996048 1128087892
1934974010 1551069797
1936617283 1096576623
1631875184 1381785972
1768776047 1124099950
1869442415 1869762670
1835102823 1701603654
977485171 1869762652
1835102823 1818838560
1130132325 1869442415
1766203502 7562604
1835888451 1917873775
1634887535 1818838637
2015916901 1026111032
1348221507 1919381362
1176530273 1936026729
947398688 1130113334
1869442415 1766203502
7562604 1835888451
1917873775 1634887535
875976557 1128084019
1917869114 1634887535
1766203501 1551066476
1835888451 1176530543
1936026729 1297040128
1163154768 1296125522
1329806661 1313821518
1124093262 1884515695
1128096613 1230462010
1464812622 2037603411
1835365491 1666986547
1697539181 1124099448
1598112853 1213481296
1547322173 1735357008
544039282 1701603654
1447976051 1095320649
1431324448 1836008224
1769239920 1411409774
1802268527 1130132585
1547781205 774975862
1430454326 1348419908
1598575681 1597059414
977485110 1869762652
1835102823 1818838560
1314681701 1229211990
1346838593 1866670165
1953853549 543649385
1819242324 1551133035
1094997315 825325148
1140864558 1702259058
1952531570 977485153
1852397404 1937207140
1937331036 862807412
1917082674 1919252073
1917082739 1919252073
1635017028 1297041408
1230128197 1128088918
1330118714 1095779661
1547520084 1919251285
1866685555 1852797806
1447119360 1330143041
1128088909 1917869114
1634887535 1766203501
1551066476 1635148106
1801742940 775433777
825450288 1919573041
942551397 828321838
1258303798 1147097165
1229738069 1163149635
1112099935 1028345695
1163219540 1129270272
1346456641 1413563472
977485121 1702057308
1130132338 1869835887
1883331694 1952531568
1867275361 7102819
1330073420 1380275022
1028801878 1329814620
1313821518 1291865422
1398754379 1095324229
1163476300 1397555283
1598640205 1129203010
1380011336 1128092491
1917869114 1634887535
1766203501 1551066476
1919117645 1718580079
1347231860 1698847817
1835557742 1936421473
1397555292 1598640205
1028540738 1348221507
1919381362 1176530273
1936026729 1667845468
1869836146 1293972582
1113344336 6057577
1347244877 1313431369
977485123 1869762652
1835102823 1818838560
673215333 691419256
1667845468 1869836146
1394635878 1551059780
1548308557 1818455625
1550148725 1297304832
1281313104 842220105
1547322173 1735357008
544039282 1701603654
2015895667 1546204728
1919117645 1718580079
1146298484 1297904459
1281116496 2019320425
6043192 1347244877
1229741897 1026831938
1348221507 1919381362
1176530273 1936026729
947398688 1297885494
1869767529 1952870259
1262768928 1347247219
1766612041 913857634
1291869236 1280398169
1297041503 977550661
1937337692 942500977
841887790 1769418039
875985006 1297436160
1599227202 1348421199
1162039122 1380930387
909196627 1414942208
1397509967 1599363141
1213481296 1547322173
1735357008 544039282
1701603654 1447976051
1095320649 1919894304
1634889584 1852795252
1417039452 1936486255
1551136837 1701728000
1986622020 977485157
1702057308 1130132338
1869835887 1850694766
1769096293 1325426038
1767325011 2003788910
1414422387 1952534528
977550696 1986348124
1886405421 1852394844
875976519 1852403036
875984743 1852400220
1547322171 1735357008
544039282 1701603654
1447976051 1095320649
1431324448 1836008224
1769239920 1411409774
1802268527 1130132585
1547781205 774975862
1768053814 977484654
1869762652 1835102823
1818838560 1314681701
1229211990 1346838593
1866670165 1953853549
543649385 1819242324
1551133035 1094997315
825325148 1817982510
1986945641 1127968886
1917869114 1634887535
1766203501 1551066476
1919117645 1718580079
1347231860 1765956681
1127963758 1917869114
1634887535 1766203501
544433516 909670440
1866685481 1852796269
1818838560 1331458917
1818452338 1632263269
1784439158 1885435489
996701281 1465662019
1868852841 1935438711
1702130553 993145709
1465662019 1868852841
1127969655 1767332922
2003788910 2035506291
1835365491 1465659955
997025122 1465662019
1868852841 1398567799
1702130553 1546793837
1684957527 1349744495
1919252335 1818585171
829840492 995897390
1465662019 1868852841
1398567799 1702130553
1546793837 1852141647
1548243795 1547322171
1735357008 544039282
1701603654 1632263283
1784439158 774990692
1596993080 1546727731
828732010 808335406
825635167 1852400220
1547322171 1735357008
544039282 1701603654
1632263283 1784439158
774990692 1596993080
1546727731 828732010
808335406 825635167
1701997148 1852400220
1547322171 1735357008
544039282 1701603654
1447976051 1095320649
1919894304 1634889584
1852795252 1230392924
541149508 1279555150
995251017 1348221507
1919381362 1176530273
1936026729 947398688
1314662710 1229211990
1866670145 1919905906
1869182049 1750097006
1549300601 1835888451
1127968367 1917869114
1634887535 1766203501
1551066476 1551132999
996437347 1348221507
1919381362 1176530273
1936026729 1852403036
1999468391 2019308598
912209464 775433524
758132273 1769172848
1702047096 1953639784
758543967 813065586
1852403036 875984743
1852400220 1547322427
1903393133 775433580
926035504 1852405549
1546925688 997091682
1482439236 1818323027
1144740972 1717066810
995913844 1465662019
1329876553 1935430487
1702130553 993145709
1465662019 1329876553
1127961431 1230462010
1464812622 2035506259
1835365491 1465659955
997025122 1465662019
1329876553 1398559575
1702130553 1546793837
1684957527 1349744495
1919252335 1818585171
829840492 995897390
1465662019 1329876553
1398559575 1702130553
1546793837 1852141647
1548243795 1547322171
1735357008 544039282
1701603654 1447976051
1095320649 1919894304
1634889584 1852795252
1769164380 544499815
1886220099 543519861
842149938 825110830
977484636 1869762652
1835102823 1818838560
673215333 691419256
1667845468 1869836146
1444967526 1635087209
1951604844 1869177973
825242204 1866685497
1853189485 1551463529
1415332694 1936486255
1448299868 875650115
775500334 858861619
1768053811 1867013230
947418227 913857590
977484596 1702057308
1130132338 1869835887
1883331694 1952531568
1867275361 1550606691
1919117645 1718580079
1767332980 2003788910
1886404979 977484659
1869762652 1835102823
1818838560 1113355109
1768189537 1550870906
1547322427 1919117645
1718580079 1398153332
1685013280 1768053861
1342192494 1162368065
775771224 994922307
1163412782 1094856251
1127103316 775636045
995312214 1161975342
1397370427 1397370427
1462647621 775636563
994595671 1129532718
1330794496 1397966147
1096766031 1229472594
1413694804 1027953237
910445889 1380974644
1397048143 1599229779
1313162313 1229343060
1228755525 1818588270
1176515638 1818848609
540418169 1701080909
875634796 1951604785
1768976485 824207214
1699160108 1852405102
1953384805 1342205029
1162039122 1380930387
1447382111 909986885
1330794496 1397966147
1381978703 1397315141
1028542281 825254968
1869762560 1835102823
1635017028 1547322173
1735357008 1148019058
6386785 1735357008
1181573490 1936026729
1547322173 1735357008
544039282 1701603654
1917845619 1634887535
1818838637 2015916901
1026111032 1348221507
1919381362 1176530273
1936026729 947398688
1342187830 1919381362
911699297 1026700084
1348221507 1919381362
1176530273 1936026729
1297305600 1819632751
1952534629 977485160
1869762652 1835102823
1818838560 1465676645
1868852841 1867543415
1400006007 1819043176
1685015900 1936026741
1547322171 1145981271
1548965711 1953724787
842231141 1852397404
1937207140 1702326096
1701335922 1985768556
1546661425 1969516365
7562604 1279415632
1128088393 1934974010
1551069797 1818391888
1392534377 1230197573
1095650895 1128088909
1869835887 1392534892
1702130553 1769096301
1128097142 2035482682
1835365491 1953460050
1547322173 1145981271
5461839 1347241300
1547322173 1919251285
1866685555 1852797806
1886404956 1635017028
1668238428 1415343201
7368037 1028672852
1432107587 1936876915
1852785500 1550741363
1148219457 1549890657
1633906508 1700027500
1426092141 1146242387
1229016399 1866677582
1852797806 1426091374
1146242387 1229016399
1330798414 1313426753
1330794567 1162627398
1852785469 1852731251
1398079597 1095651909
1128088909 1869835887
1398079598 1380995653
1279870543 977485125
1702057308 1130132338
1869835887 1769406574
1919509614 1547322173
1145981271 5461839
1599292762 1111576133
1398752588 1095586649
3226958 0
1964813161 268492929
-697136640 32761
-697136592 32761
-697136544 32761
-697136496 32761
-697136448 32761
-697136400 32761
-697136352 32761
-697136304 32761
-697136256 32761
-697136208 32761
-697136160 32761
-697136112 32761
-697136064 32761
-697136016 32761
-697135968 32761
-697135920 32761
-697135872 32761
-697135824 32761
-697135776 32761
-697135728 32761
0 0
0 0
0 0
0 0
0 0
0 0
0 0
0 0
0 0
0 0
0 0
0 0
0 0
0 0
0 0
0 0
0 0
0 0
0 0
0 0
0 0
0 0
0 0
0 0
0 0
0 0
0 0
0 0
0 0
0 0
0 0
0 0
0 0
0 0
0 0
0 0
0 0
0 0
0 0
0 0
0 0
0 0
0 0
0 0
0 0
0 0
0 0
0 0
0 0
0 0
0 0
0 0
0 0
0 0
0 0
0 0
0 0
0 0
0 0
0 0
0 0
0 0
0 0
0 0
0 0
0 0
0 0
0 0
0 0
0 0
0 0
0 0
0 0
0 0
0 0
0 0
0 0
0 0
0 0
0 0
0 0
0 0
0 0
0 0
0 0
0 0
0 0
0 0
0 0
0 0
0 0
0 0
0 0
0 0
0 0
0 0
0 0
0 0
0 0
0 0
0 0
0 0
0 0
0 0
0 0
0 0
0 0
0 0
0 0
0 0
0 0
0 0
0 0
0 0
0 0
0 0
0 0
0 0
0 0
0 0
0 0
0 0
0 0
0 0
0 0
0 0
0 0
0 0
0 0
0 0
0 0
0 0
0 0
0 0
0 0
0 0
0 0
0 0
0 0
0 0
0 0
0 0
0 0
0 0
0 0
0 0
0 0
0 0
0 0
0 0
0 0
0 0
0 0
0 0
0 0
0 0
0 0
0 0
0 0
0 0
0 0
0 0
0 0
0 0
0 0
0 0
0 0
0 0
0 0
0 0
0 0
0 0
0 0
0 0
0 0
0 0
0 0
0 0
0 0
0 0
0 0
0 0
0 0
0 0
0 0
0 0
0 0
0 0
0 0
0 0
0 0
0 0
0 0
0 0
0 0
0 0
0 0
0 0
0 0
0 0
0 0
0 0
0 0
0 0
0 0
0 0
0 0
0 0
0 0
0 0
0 0
0 0
0 0
0 0
0 0
0 0
0 0
0 0
0 0
0 0
0 0
0 0
0 0
0 0
0 0
0 0
0 0
0 0
0 0
0 0
0 0
0 0
0 0
0 0
0 0
0 0
0 0
0 0
0 0
0 0
0 0
0 0
0 0
0 0
0 0
0 0
0 0
0 0
0 0
0 0
0 0
0 0
0 0
0 0
0 0
0 0
0 0
0 0
0 0
0 0
0 0
0 0
0 0
0 0
0 0
0 0
0 0
0 0
0 0
0 0
0 0
0 0
0 0
0 0
0 0
0 0
0 0
0 0
0 0
0 0
0 0
0 0
0 0
0 0
0 0
0 0
0 0
0 0
0 0
0 0
0 0
0 0
0 0
0 0
0 0
0 0
0 0
0 0
0 0
0 0
0 0
0 0
0 0
0 0
0 0
0 0
0 0
0 0
0 0
0 0
0 0
0 0
0 0
0 0
0 0
0 0
0 0
0 0
0 0
0 0
0 0
0 0
0 0
0 0
0 0
0 0
0 0
0 0
0 0
0 0
0 0
0 0
0 0
0 0
0 0
0 0
0 0
0 0
0 0
0 0
0 0
0 0
0 0
0 0
0 0
0 0
0 0
0 0
0 0
0 0
0 0
0 0
0 0
0 0
0 0
0 0
0 0
0 0
0 0
0 0
0 0
0 0
0 0
0 0
0 0
0 0
0 0
0 0
0 0
0 0
0 0
0 0
0 0
0 0
0 0
0 0
0 0
0 0
0 0
0 0
0 0
0 0
0 0
0 0
0 0
0 0
0 0
0 0
0 0
0 0
0 0
0 0
0 0
0 0
0 0
0 0
0 0
0 0
0 0
0 0
0 0
0 0
0 0
0 0
0 0
0 0
0 0
0 0
0 0
0 0
0 0
0 0
0 0
0 0
0 0
0 0
0 0
0 0
0 0
0 0
0 0
0 0
0 0
0 0
0 0
0 0
0 0
0 0
0 0
0 0
0 0
0 0
0 0
0 0
0 0
0 0
0 0
0 0
0 0
0 0
0 0
0 0
0 0
0 0
0 0
0 0
0 0
0 0
0 0
0 0
0 0
0 0
0 0
0 0
0 0
0 0
0 0
0 0
0 0
0 0
0 0
0 0
0 0
0 0
0 0
0 0
0 0
0 0
0 0
0 0
0 0
0 0
0 0
0 0
0 0
0 0
0 0
0 0
0 0
0 0
0 0
0 0
0 0
1444719179 268493213
2 936
1 2052
-1545952319 32
0 0
0 0
0 0
0 0
0 0
0 0
0 0
0 0
0 404228096
404232216 404232216
404232216 404232216
404232216 404232216
134744072 673712136
673720360 673720360
673720360 673720360
673720360 673720360
134744072 202115080
202116108 202116108
202116108 202116108
202116108 202116108
202116108 202116108
202116108 202116108
202116108 202116108
202116108 202116108
202116108 202116108
202116108 202116108
202116108 202116108
202116108 202116108
202116108 202116108
202116108 202116108
202116108 202116108
202116108 202116108
202116108 0
0 0
0 0
0 0
0 0
0 0
0 0
0 0
0 1650524160
1717920867 1785292903
1852664939 1920036975
1987409011 2054781047
0 1111556096
1178944579 1246316615
1313688651 1381060687
1448432723 1515804759
0 0
0 0
0 0
0 0
0 0
0 0
0 0
0 0
0 0
0 0
0 0
0 0
0 0
0 0
0 0
0 0
0 0
0 0
-1575179585 201384053
15484632 0
15484663 0
15484703 0
15484752 0
15484812 0
15484861 0
15484883 0
15484919 0
15484986 0
15485059 0
15485109 0
15485122 0
15485145 0
15485203 0
15485229 0
15485272 0
15485295 0
15485310 0
15485370 0
15485416 0
15485477 0
15485540 0
15485603 0
15485637 0
15485661 0
15485725 0
15485759 0
15485773 0
15486915 0
15486977 0
15487006 0
15487079 0
15487097 0
15487121 0
15487148 0
15487178 0
15487219 0
15487249 0
15487356 0
15487379 0
15487399 0
15487414 0
15487436 0
15487476 0
15487515 0
15487535 0
15487570 0
15487586 0
15487614 0
15487632 0
0 0
1431063617 1397900627
1179603536 1027951689
1348221507 1919381362
1631874401 1090543988
1094996048 1128087892
1934974010 1551069797
1936617283 1096576623
1631875184 1381785972
1768776047 1124099950
1869442415 1869762670
1835102823 1701603654
977485171 1869762652
1835102823 1818838560
1130132325 1869442415
1766203502 7562604
1835888451 1917873775
1634887535 1818838637
2015916901 1026111032
1348221507 1919381362
1176530273 1936026729
947398688 1130113334
1869442415 1766203502
7562604 1835888451
1917873775 1634887535
875976557 1128084019
1917869114 1634887535
1766203501 1551066476
1835888451 1176530543
1936026729 1297040128
1163154768 1296125522
1329806661 1313821518
1124093262 1884515695
1128096613 1230462010
1464812622 2037603411
1835365491 1666986547
1697539181 1124099448
1598112853 1213481296
1547322173 1735357008
544039282 1701603654
1447976051 1095320649
1431324448 1836008224
1769239920 1411409774
1802268527 1130132585
1547781205 774975862
1430454326 1348419908
1598575681 1597059414
977485110 1869762652
1835102823 1818838560
1314681701 1229211990
1346838593 1866670165
1953853549 543649385
1819242324 1551133035
1094997315 825325148
1140864558 1702259058
1952531570 977485153
1852397404 1937207140
1937331036 862807412
1917082674 1919252073
1917082739 1919252073
1635017028 1297041408
1230128197 1128088918
1330118714 1095779661
1547520084 1919251285
1866685555 1852797806
1447119360 1330143041
1128088909 1917869114
1634887535 1766203501
1551066476 1635148106
1801742940 775433777
825450288 1919573041
942551397 828321838
1258303798 1147097165
1229738069 1163149635
1112099935 1028345695
1163219540 1129270272
1346456641 1413563472
977485121 1702057308
1130132338 1869835887
1883331694 1952531568
1867275361 7102819
1330073420 1380275022
1028801878 1329814620
1313821518 1291865422
1398754379 1095324229
1163476300 1397555283
1598640205 1129203010
1380011336 1128092491
1917869114 1634887535
1766203501 1551066476
1919117645 1718580079
1347231860 1698847817
1835557742 1936421473
1397555292 1598640205
1028540738 1348221507
1919381362 1176530273
1936026729 1667845468
1869836146 1293972582
1113344336 6057577
1347244877 1313431369
977485123 1869762652
1835102823 1818838560
673215333 691419256
1667845468 1869836146
1394635878 1551059780
1548308557 1818455625
1550148725 1297304832
1281313104 842220105
1547322173 1735357008
544039282 1701603654
2015895667 1546204728
1919117645 1718580079
1146298484 1297904459
1281116496 2019320425
6043192 1347244877
1229741897 1026831938
1348221507 1919381362
1176530273 1936026729
947398688 1297885494
1869767529 1952870259
1262768928 1347247219
1766612041 913857634
1291869236 1280398169
1297041503 977550661
1937337692 942500977
841887790 1769418039
875985006 1297436160
1599227202 1348421199
1162039122 1380930387
909196627 1414942208
1397509967 1599363141
1213481296 1547322173
1735357008 544039282
1701603654 1447976051
1095320649 1919894304
1634889584 1852795252
1417039452 1936486255
1551136837 1701728000
1986622020 977485157
1702057308 1130132338
1869835887 1850694766
1769096293 1325426038
1767325011 2003788910
1414422387 1952534528
977550696 1986348124
1886405421 1852394844
875976519 1852403036
875984743 1852400220
1547322171 1735357008
544039282 1701603654
1447976051 1095320649
1431324448 1836008224
1769239920 1411409774
1802268527 1130132585
1547781205 774975862
1768053814 977484654
1869762652 1835102823
1818838560 1314681701
1229211990 1346838593
1866670165 1953853549
543649385 1819242324
1551133035 1094997315
825325148 1817982510
1986945641 1127968886
1917869114 1634887535
1766203501 1551066476
1919117645 1718580079
1347231860 1765956681
1127963758 1917869114
1634887535 1766203501
544433516 909670440
1866685481 1852796269
1818838560 1331458917
1818452338 1632263269
1784439158 1885435489
996701281 1465662019
1868852841 1935438711
1702130553 993145709
1465662019 1868852841
1127969655 1767332922
2003788910 2035506291
1835365491 1465659955
997025122 1465662019
1868852841 1398567799
1702130553 1546793837
1684957527 1349744495
1919252335 1818585171
829840492 995897390
1465662019 1868852841
1398567799 1702130553
1546793837 1852141647
1548243795 1547322171
1735357008 544039282
1701603654 1632263283
1784439158 774990692
1596993080 1546727731
828732010 808335406
825635167 1852400220
1547322171 1735357008
544039282 1701603654
1632263283 1784439158
774990692 1596993080
1546727731 828732010
808335406 825635167
1701997148 1852400220
1547322171 1735357008
544039282 1701603654
1447976051 1095320649
1919894304 1634889584
1852795252 1230392924
541149508 1279555150
995251017 1348221507
1919381362 1176530273
1936026729 947398688
1314662710 1229211990
1866670145 1919905906
1869182049 1750097006
1549300601 1835888451
1127968367 1917869114
1634887535 1766203501
1551066476 1551132999
996437347 1348221507
1919381362 1176530273
1936026729 1852403036
1999468391 2019308598
912209464 775433524
758132273 1769172848
1702047096 1953639784
758543967 813065586
1852403036 875984743
1852400220 1547322427
1903393133 775433580
926035504 1852405549
1546925688 997091682
1482439236 1818323027
1144740972 1717066810
995913844 1465662019
1329876553 1935430487
1702130553 993145709
1465662019 1329876553
1127961431 1230462010
1464812622 2035506259
1835365491 1465659955
997025122 1465662019
1329876553 1398559575
1702130553 1546793837
1684957527 1349744495
1919252335 1818585171
829840492 995897390
1465662019 1329876553
1398559575 1702130553
1546793837 1852141647
1548243795 1547322171
1735357008 544039282
1701603654 1447976051
1095320649 1919894304
1634889584 1852795252
1769164380 544499815
1886220099 543519861
842149938 825110830
977484636 1869762652
1835102823 1818838560
673215333 691419256
1667845468 1869836146
1444967526 1635087209
1951604844 1869177973
825242204 1866685497
1853189485 1551463529
1415332694 1936486255
1448299868 875650115
775500334 858861619
1768053811 1867013230
947418227 913857590
977484596 1702057308
1130132338 1869835887
1883331694 1952531568
1867275361 1550606691
1919117645 1718580079
1767332980 2003788910
1886404979 977484659
1869762652 1835102823
1818838560 1113355109
1768189537 1550870906
1547322427 1919117645
1718580079 1398153332
1685013280 1768053861
1342192494 1162368065
775771224 994922307
1163412782 1094856251
1127103316 775636045
995312214 1161975342
1397370427 1397370427
1462647621 775636563
994595671 1129532718
1330794496 1397966147
1096766031 1229472594
1413694804 1027953237
910445889 1380974644
1397048143 1599229779
1313162313 1229343060
1228755525 1818588270
1176515638 1818848609
540418169 1701080909
875634796 1951604785
1768976485 824207214
1699160108 1852405102
1953384805 1342205029
1162039122 1380930387
1447382111 909986885
1330794496 1397966147
1381978703 1397315141
1028542281 825254968
1869762560 1835102823
1635017028 1547322173
1735357008 1148019058
6386785 1735357008
1181573490 1936026729
1547322173 1735357008
544039282 1701603654
1917845619 1634887535
1818838637 2015916901
1026111032 1348221507
1919381362 1176530273
1936026729 947398688
1342187830 1919381362
911699297 1026700084
1348221507 1919381362
1176530273 1936026729
1297305600 1819632751
1952534629 977485160
1869762652 1835102823
1818838560 1465676645
1868852841 1867543415
1400006007 1819043176
1685015900 1936026741
1547322171 1145981271
1548965711 1953724787
842231141 1852397404
1937207140 1702326096
1701335922 1985768556
1546661425 1969516365
7562604 1279415632
1128088393 1934974010
1551069797 1818391888
1392534377 1230197573
1095650895 1128088909
1869835887 1392534892
1702130553 1769096301
1128097142 2035482682
1835365491 1953460050
1547322173 1145981271
5461839 1347241300
1547322173 1919251285
1866685555 1852797806
1886404956 1635017028
1668238428 1415343201
7368037 1028672852
1432107587 1936876915
1852785500 1550741363
1148219457 1549890657
1633906508 1700027500
1426092141 1146242387
1229016399 1866677582
1852797806 1426091374
1146242387 1229016399
1330798414 1313426753
1330794567 1162627398
1852785469 1852731251
1398079597 1095651909
1128088909 1869835887
1398079598 1380995653
1279870543 977485125
1702057308 1130132338
1869835887 1769406574
1919509614 1547322173
1145981271 5461839
1599292762 1111576133
1398752588 1095586649
3226958 0
1964813161 268492929
-697136640 32761
-697136592 32761
-697136544 32761
-697136496 32761
-697136448 32761
-697136400 32761
-697136352 32761
-697136304 32761
-697136256 32761
-697136208 32761
-697136160 32761
-697136112 32761
-697136064 32761
-697136016 32761
-697135968 32761
-697135920 32761
-697135872 32761
-697135824 32761
-697135776 32761
-697135728 32761
0 0
0 0
0 0
0 0
0 0
0 0
0 0
0 0
0 0
0 0
0 0
0 0
0 0
0 0
0 0
0 0
0 0
0 0
0 0
0 0
0 0
0 0
0 0
0 0
0 0
0 0
0 0
0 0
0 0
0 0
0 0
0 0
0 0
0 0
0 0
0 0
0 0
0 0
0 0
0 0
0 0
0 0
0 0
0 0
0 0
0 0
0 0
0 0
0 0
0 0
0 0
0 0
0 0
0 0
0 0
0 0
0 0
0 0
0 0
0 0
0 0
0 0
0 0
0 0
0 0
0 0
0 0
0 0
0 0
0 0
0 0
0 0
0 0
0 0
0 0
0 0
0 0
0 0
0 0
0 0
0 0
0 0
0 0
0 0
0 0
0 0
0 0
0 0
0 0
0 0
0 0
0 0
0 0
0 0
0 0
0 0
0 0
0 0
0 0
0 0
0 0
0 0
0 0
0 0
0 0
0 0
0 0
0 0
0 0
0 0
0 0
0 0
0 0
0 0
0 0
0 0
0 0
0 0
0 0
0 0
0 0
0 0
0 0
0 0
0 0
0 0
0 0
0 0
0 0
0 0
0 0
0 0
0 0
0 0
0 0
0 0
0 0
0 0
0 0
0 0
0 0
0 0
0 0
0 0
0 0
0 0
0 0
0 0
0 0
0 0
0 0
0 0
0 0
0 0
0 0
0 0
0 0
0 0
0 0
0 0
0 0
0 0
0 0
0 0
0 0
0 0
0 0
0 0
0 0
0 0
0 0
0 0
0 0
0 0
0 0
0 0
0 0
0 0
0 0
0 0
0 0
0 0
0 0
0 0
0 0
0 0
0 0
0 0
0 0
0 0
0 0
0 0
0 0
0 0
0 0
0 0
0 0
0 0
0 0
0 0
0 0
0 0
0 0
0 0
0 0
0 0
0 0
0 0
0 0
0 0
0 0
0 0
0 0
0 0
0 0
0 0
0 0
0 0
0 0
0 0
0 0
0 0
0 0
0 0
0 0
0 0
0 0
0 0
0 0
0 0
0 0
0 0
0 0
0 0
0 0
0 0
0 0
0 0
0 0
0 0
0 0
0 0
0 0
0 0
0 0
0 0
0 0
0 0
0 0
0 0
0 0
0 0
0 0
0 0
0 0
0 0
0 0
0 0
0 0
0 0
0 0
0 0
0 0
0 0
0 0
0 0
0 0
0 0
0 0
