20 42
5 42
6 42
0 20
24 42
14 20
2 5
41 42
2 20
20 33
20 23
2 6
3 42
0 24
20 45
40 49
24 33
23 24
20 49
14 24
0 5
24 49
0 40
24 45
5 14
2 41
2 24
40 42
20 21
38 42
5 23
0 6
4 20
33 40
5 49
23 40
2 3
6 14
40 45
14 41
6 23
0 41
14 40
29 40
3 49
0 3
48 49
4 24
5 33
2 38
23 41
3 14
20 29
6 49
24 29
21 24
3 23
33 41
20 25
12 20
5 45
5 21
4 5
19 40
20 30
2 40
30 40
6 21
6 33
13 42
4 40
5 25
18 42
41 45
21 41
24 30
3 33
6 25
19 48
13 49
4 6
29 48
41 49
6 45
20 46
2 18
14 38
5 46
6 46
3 45
20 47
19 24
5 29
19 20
12 24
24 25
20 27
4 41
0 13
25 41
5 12
27 49
0 38
3 4
3 29
2 19
3 21
6 12
19 27
20 31
2 13
13 23
5 27
13 33
23 38
41 46
13 14
6 27
19 42
5 47
12 41
5 30
21 40
20 44
17 42
20 28
24 46
6 47
6 29
13 45
19 21
21 38
24 31
13 29
5 48
6 48
30 48
33 38
29 41
20 48
27 29
31 40
3 25
24 47
25 38
27 41
12 40
3 30
38 46
25 40
10 42
41 47
30 41
24 27
20 26
6 30
13 19
19 46
38 45
38 49
5 19
24 28
9 20
3 12
24 44
0 48
46 49
5 44
6 40
20 37
2 17
5 40
3 19
13 30
37 40
3 46
33 48
18 46
18 40
41 48
4 13
24 26
10 49
4 38
3 27
26 40
45 48
24 37
3 47
5 20
19 41
5 28
12 38
18 25
6 44
6 20
14 18
5 24
23 48
8 20
42 48
40 46
6 24
21 49
19 47
5 31
0 17
28 41
2 10
27 38
3 48
18 48
2 49
19 25
6 28
18 21
20 39
9 24
1 20
2 29
20 35
35 40
29 46
38 48
3 20
17 23
24 48
41 44
28 40
13 21
6 19
14 48
14 17
40 44
21 29
0 10
31 41
29 38
27 30
3 40
5 8
35 42
24 35
18 27
1 40
38 47
13 25
3 44
1 24
9 41
3 24
18 24
24 39
6 31
0 18
5 41
40 47
10 29
29 42
3 31
18 20
10 14
17 21
47 49
6 8
5 13
12 13
39 40
42 49
10 23
5 9
30 38
7 20
6 13
6 41
17 20
2 35
35 48
6 9
8 24
17 49
20 43
18 23
5 37
15 20
13 46
2 48
10 19
0 19
17 33
17 40
4 48
10 33
14 19
3 41
25 49
38 40
17 24
19 38
9 40
5 38
5 18
13 31
31 48
26 41
3 28
19 23
28 38
29 47
40 41
20 36
17 48
12 18
15 24
27 40
17 45
10 45
17 27
20 40
3 18
1 5
15 40
5 10
5 26
7 24
27 35
21 35
6 38
3 37
10 30
4 17
26 48
3 8
9 38
6 37
8 41
24 43
25 29
3 38
11 20
3 13
6 10
20 34
18 47
30 46
6 18
24 36
2 30
12 19
35 41
37 48
13 26
18 33
38 44
31 38
27 33
7 40
36 40
4 10
27 45
1 6
20 32
10 25
17 47
18 49
39 41
8 40
24 34
4 18
3 26
13 28
17 41
1 3
27 42
17 25
13 35
34 40
11 24
6 26
10 46
30 42
21 30
45 46
37 41
40 43
0 27
33 46
0 35
3 10
5 7
5 16
41 43
0 46
9 18
13 47
5 39
14 35
25 48
5 36
3 9
4 19
11 40
12 48
18 45
13 44
5 34
24 38
9 19
13 37
18 28
9 13
23 35
6 16
26 38
13 17
15 41
35 47
17 29
10 21
24 32
23 46
46 48
10 12
17 46
2 37
2 27
7 41
40 48
13 27
12 17
14 27
18 29
9 49
5 22
37 46
23 27
19 28
19 33
1 41
6 7
13 18
20 38
15 48
39 48
30 47
16 42
6 36
1 48
13 39
6 34
8 38
24 40
27 31
17 38
24 41
35 38
26 27
35 46
6 39
25 30
14 29
6 22
5 32
25 35
18 30
3 39
14 49
16 49
5 43
3 7
19 45
2 16
18 19
37 42
32 40
12 49
10 31
17 30
3 16
1 13
3 36
3 34
8 19
6 43
33 35
11 41
13 15
28 48
13 20
38 39
36 41
4 46
27 37
19 44
38 43
20 41
20 22
12 29
0 2
16 20
6 32
17 44
9 29
17 18
10 35
3 22
16 19
27 46
9 48
13 48
20 24
35 45
2 23
28 49
10 20
4 35
4 27
18 44
10 17
10 26
2 26
25 27
21 46
26 42
10 28
2 31
18 41
5 11
31 46
15 27
32 41
15 38
0 25
16 29
21 48
15 42
34 41
13 43
13 41
17 19
42 47
3 32
2 21
21 42
8 13
9 10
18 31
5 35
14 46
25 37
22 24
21 45
31 42
23 25
12 35
7 38
2 45
7 13
21 33
13 38
1 46
2 47
22 40
2 4
28 29
8 17
5 15
26 46
12 27
0 29
0 42
16 24
42 46
44 48
22 42
14 30
23 29
6 11
21 37
2 22
17 37
2 15
23 42
3 35
18 35
17 28
37 38
27 39
13 36
46 47
16 46
2 33
8 18
16 40
10 47
43 48
3 43
1 2
29 33
11 13
15 21
34 48
33 47
36 48
17 31
21 25
10 27
21 26
45 47
11 48
7 48
18 43
0 9
1 27
18 26
33 49
0 49
10 40
10 24
13 24
35 49
13 34
25 45
23 49
3 11
14 16
11 38
8 49
0 16
10 44
22 49
9 27
4 42
4 25
14 21
9 30
16 25
1 38
29 45
19 22
13 40
6 15
10 39
12 30
6 35
3 6
9 23
16 30
45 49
27 28
25 33
10 48
19 43
14 47
2 39
39 42
43 49
3 15
25 47
10 41
10 15
8 29
21 31
1 17
10 18
25 31
16 23
1 42
9 21
35 44
10 37
44 46
36 38
19 37
3 5
22 46
26 47
16 17
32 38
25 26
9 17
18 39
16 41
22 29
15 18
13 32
4 29
15 47
8 35
37 47
2 44
0 37
28 35
37 49
22 41
10 43
30 33
12 21
1 19
5 6
31 47
28 30
5 17
39 46
2 8
9 45
0 14
44 49
27 43
9 33
42 44
1 21
29 44
8 46
23 37
0 12
4 9
8 42
34 38
1 25
16 33
14 23
14 15
10 38
4 49
14 26
30 45
42 45
1 10
16 35
0 47
47 48
19 49
0 33
22 25
0 45
0 28
29 43
21 28
9 47
0 15
9 37
12 23
29 37
9 35
21 39
23 33
12 47
23 45
17 22
32 48
17 26
15 46
7 18
14 31
0 21
38 41
11 27
6 17
12 16
8 48
16 45
1 49
34 46
14 37
35 37
21 43
23 28
15 23
4 16
0 43
22 48
7 10
27 34
18 38
4 14
8 10
19 34
33 42
16 48
15 33
27 36
23 47
17 34
2 7
19 36
14 22
25 44
0 22
3 17
10 11
12 37
7 27
23 43
22 30
17 36
28 47
29 35
7 42
2 46
15 25
1 29
0 30
4 33
15 45
11 18
21 23
2 34
16 21
4 12
4 45
23 30
11 42
8 25
7 17
0 1
4 37
25 39
39 47
7 46
9 16
26 33
30 37
22 23
16 38
1 47
2 11
8 30
36 46
30 35
1 35
10 36
9 31
16 31
9 42
1 23
12 26
22 35
12 31
14 39
34 49
31 33
4 28
26 45
17 39
27 44
19 31
16 28
27 48
43 47
36 49
13 22
28 37
22 38
18 32
14 44
9 14
30 43
4 47
31 45
16 26
10 34
8 14
19 32
34 42
11 21
7 19
15 49
14 25
4 15
17 32
16 27
4 21
19 30
2 32
21 34
21 27
13 16
8 33
32 42
33 44
1 9
9 44
4 43
29 34
42 43
12 22
9 26
1 30
21 22
2 14
32 46
16 18
22 27
44 45
8 45
2 36
21 36
12 15
31 35
12 46
33 43
43 45
29 36
33 39
10 32
28 31
30 44
11 46
4 30
22 33
17 43
25 42
9 22
18 36
7 25
25 34
1 4
4 22
39 45
27 32
0 26
8 9
19 29
19 35
10 13
15 16
12 44
26 28
34 35
0 34
23 26
1 14
8 12
31 37
35 36
28 45
22 45
11 47
1 18
18 37
37 43
12 39
26 37
37 44
1 12
15 37
23 34
12 45
28 33
7 21
36 42
22 28
7 14
19 39
0 36
16 47
16 39
11 19
18 34
11 17
34 47
14 43
35 43
19 26
28 44
22 31
32 49
18 22
2 9
15 19
36 47
16 43
11 14
2 43
30 34
15 44
12 33
8 15
11 25
23 36
11 49
8 37
8 28
22 26
17 35
0 39
25 36
25 32
2 42
8 27
30 36
9 39
15 29
1 28
7 33
11 33
7 35
23 39
7 49
34 36
7 32
11 32
1 34
7 11
11 39
1 36
7 39
26 39
32 36
32 34
1 37
32 39
11 15
16 22
11 26
34 37
8 44
31 39
7 31
8 32
32 44
11 36
26 31
22 34
9 43
7 26
7 36
11 43
36 37
11 34
15 39
7 44
12 28
7 34
33 45
22 32
11 31
31 32
22 36
26 32
28 43
1 32
4 23
7 8
0 23
32 43
15 26
1 22
15 32
4 44
0 4
7 15
30 31
36 43
36 45
26 30
9 28
36 39
4 7
33 36
4 32
30 39
28 36
34 45
8 47
7 43
15 43
15 35
34 39
25 28
8 22
8 36
8 34
11 44
7 22
16 34
16 32
22 37
1 11
1 7
32 37
34 43
8 11
23 44
33 34
11 22
12 36
28 32
36 44
12 43
1 45
11 28
39 43
7 30
16 36
9 25
29 30
11 30
15 36
12 14
34 44
0 44
15 31
21 47
39 44
9 11
14 36
25 43
4 8
28 34
26 36
7 23
23 32
8 21
26 29
15 34
11 35
31 36
1 33
30 32
12 25
26 34
30 49
0 7
8 16
31 44
4 31
9 46
12 32
1 16
0 32
9 12
9 32
22 44
12 42
4 11
11 37
29 39
31 34
7 28
8 39
7 37
44 47
12 34
29 31
32 47
1 39
14 28
9 36
2 28
2 12
4 39
7 16
11 12
10 16
1 8
29 49
21 44
43 46
14 33
32 45
11 16
8 23
22 39
26 43
31 49
35 39
14 34
2 25
32 33
14 42
11 29
10 22
37 45
16 37
22 43
15 30
26 44
1 43
7 9
4 36
28 42
26 49
8 31
0 8
7 12
14 45
1 44
7 29
8 43
9 34
23 31
26 35
25 46
39 49
9 15
21 32
14 32
1 15
0 31
28 39
4 34
11 23
27 47
15 22
1 26
37 39
31 43
15 17
4 26
32 35
22 47
28 46
43 44
7 47
7 45
11 45
1 31
33 37
29 32
16 44
8 26
15 28
0 11
7 49
23 39
7 35
11 33
7 33
1 28
15 29
9 39
30 36
8 27
2 42
25 32
25 36
0 39
17 35
22 26
8 28
8 37
11 49
23 36
11 25
8 15
12 33
15 44
30 34
2 43
11 14
16 43
36 47
15 19
2 9
18 22
32 49
22 31
28 44
19 26
35 43
14 43
34 47
11 17
18 34
11 19
16 39
16 47
0 36
19 39
7 14
22 28
36 42
7 21
28 33
12 45
23 34
15 37
1 12
37 44
26 37
12 39
37 43
18 37
1 18
11 47
22 45
28 45
35 36
31 37
8 12
1 14
23 26
0 34
34 35
26 28
12 44
15 16
10 13
19 35
19 29
8 9
0 26
27 32
39 45
4 22
1 4
25 34
7 25
18 36
9 22
25 42
17 43
22 33
4 30
11 46
30 44
28 31
10 32
33 39
29 36
43 45
33 43
12 46
31 35
12 15
21 36
2 36
8 45
44 45
22 27
16 18
32 46
2 14
21 22
1 30
9 26
12 22
42 43
29 34
4 43
9 44
1 9
33 44
32 42
8 33
13 16
21 27
21 34
2 32
19 30
4 21
16 27
17 32
4 15
14 25
15 49
7 19
11 21
34 42
19 32
8 14
10 34
16 26
31 45
4 47
30 43
9 14
14 44
18 32
22 38
28 37
13 22
36 49
43 47
27 48
16 28
19 31
27 44
17 39
26 45
4 28
31 33
34 49
14 39
12 31
22 35
12 26
1 23
9 42
16 31
9 31
10 36
1 35
30 35
36 46
8 30
2 11
1 47
16 38
22 23
30 37
26 33
9 16
7 46
39 47
25 39
4 37
0 1
7 17
8 25
11 42
23 30
4 45
4 12
16 21
2 34
21 23
11 18
15 45
4 33
0 30
1 29
15 25
2 46
7 42
29 35
28 47
17 36
22 30
23 43
7 27
12 37
10 11
3 17
0 22
25 44
14 22
19 36
2 7
17 34
23 47
27 36
15 33
16 48
33 42
19 34
8 10
4 14
18 38
27 34
7 10
22 48
0 43
4 16
15 23
23 28
21 43
35 37
14 37
34 46
1 49
16 45
8 48
12 16
6 17
11 27
38 41
0 21
14 31
7 18
15 46
17 26
32 48
17 22
23 45
12 47
23 33
21 39
9 35
29 37
12 23
9 37
0 15
9 47
21 28
29 43
0 28
0 45
22 25
0 33
19 49
47 48
0 47
16 35
1 10
42 45
30 45
14 26
4 49
10 38
14 15
14 23
16 33
1 25
34 38
8 42
4 9
0 12
23 37
8 46
29 44
1 21
42 44
9 33
27 43
44 49
0 14
9 45
2 8
39 46
5 17
28 30
31 47
5 6
1 19
12 21
30 33
10 43
22 41
37 49
28 35
0 37
2 44
37 47
8 35
15 47
4 29
13 32
15 18
22 29
16 41
18 39
9 17
25 26
32 38
16 17
26 47
22 46
3 5
19 37
36 38
44 46
10 37
35 44
9 21
1 42
16 23
25 31
10 18
1 17
21 31
8 29
10 15
10 41
25 47
3 15
43 49
39 42
2 39
14 47
19 43
10 48
25 33
27 28
45 49
16 30
9 23
3 6
6 35
12 30
10 39
6 15
13 40
19 22
29 45
1 38
16 25
9 30
14 21
4 25
4 42
9 27
22 49
10 44
0 16
8 49
11 38
14 16
3 11
23 49
25 45
13 34
35 49
13 24
10 24
10 40
0 49
33 49
18 26
1 27
0 9
18 43
7 48
11 48
45 47
21 26
10 27
21 25
17 31
36 48
33 47
34 48
15 21
11 13
29 33
1 2
3 43
43 48
10 47
16 40
8 18
2 33
16 46
46 47
13 36
27 39
37 38
17 28
18 35
3 35
23 42
2 15
17 37
2 22
21 37
6 11
23 29
14 30
22 42
44 48
42 46
16 24
0 42
0 29
12 27
26 46
5 15
8 17
28 29
2 4
22 40
2 47
1 46
13 38
21 33
7 13
2 45
7 38
12 35
23 25
31 42
21 45
22 24
25 37
14 46
5 35
18 31
9 10
8 13
21 42
2 21
3 32
42 47
17 19
13 41
13 43
34 41
15 42
21 48
16 29
0 25
15 38
32 41
15 27
31 46
5 11
18 41
2 31
10 28
26 42
21 46
25 27
2 26
10 26
10 17
18 44
4 27
4 35
10 20
28 49
2 23
35 45
20 24
13 48
9 48
27 46
16 19
3 22
10 35
17 18
9 29
17 44
6 32
16 20
0 2
12 29
20 22
20 41
38 43
19 44
27 37
4 46
36 41
38 39
13 20
28 48
13 15
11 41
33 35
6 43
8 19
3 34
3 36
1 13
3 16
17 30
10 31
12 49
32 40
37 42
18 19
2 16
19 45
3 7
5 43
16 49
14 49
3 39
18 30
25 35
5 32
6 22
14 29
25 30
6 39
35 46
26 27
35 38
24 41
17 38
27 31
24 40
8 38
6 34
13 39
1 48
6 36
16 42
30 47
39 48
15 48
20 38
13 18
6 7
1 41
19 33
19 28
23 27
37 46
5 22
9 49
18 29
14 27
12 17
13 27
40 48
7 41
2 27
2 37
17 46
10 12
46 48
23 46
24 32
10 21
17 29
35 47
15 41
13 17
26 38
6 16
23 35
9 13
18 28
13 37
9 19
24 38
5 34
13 44
18 45
12 48
11 40
4 19
3 9
5 36
25 48
14 35
5 39
13 47
9 18
0 46
41 43
5 16
5 7
3 10
0 35
33 46
0 27
40 43
37 41
45 46
21 30
30 42
10 46
6 26
11 24
34 40
13 35
17 25
27 42
1 3
17 41
13 28
3 26
4 18
24 34
8 40
39 41
18 49
17 47
10 25
20 32
1 6
27 45
4 10
36 40
7 40
27 33
31 38
38 44
18 33
13 26
37 48
35 41
12 19
2 30
24 36
6 18
30 46
18 47
20 34
6 10
3 13
11 20
3 38
25 29
24 43
8 41
6 37
9 38
3 8
26 48
4 17
10 30
3 37
6 38
21 35
27 35
7 24
5 26
5 10
15 40
1 5
3 18
20 40
17 27
10 45
17 45
27 40
15 24
12 18
17 48
20 36
40 41
29 47
28 38
19 23
3 28
26 41
31 48
13 31
5 18
5 38
9 40
19 38
17 24
38 40
25 49
3 41
14 19
10 33
4 48
17 40
17 33
0 19
10 19
2 48
13 46
15 20
5 37
18 23
20 43
17 49
8 24
6 9
35 48
2 35
17 20
6 41
6 13
7 20
30 38
5 9
10 23
42 49
39 40
12 13
5 13
6 8
47 49
17 21
10 14
18 20
3 31
29 42
10 29
40 47
5 41
0 18
6 31
24 39
18 24
3 24
9 41
1 24
3 44
13 25
38 47
1 40
18 27
24 35
35 42
5 8
3 40
27 30
29 38
31 41
0 10
21 29
40 44
14 17
14 48
6 19
13 21
28 40
41 44
24 48
17 23
