4096 4096
169
124 110 124 284 230 284 230 657
4 702 4 704 324 704 324 709
272 428 272 683 721 683 721 917
249 561 249 583 688 583 688 875
188 406 188 473 890 473 890 878
524 1003 932 1003 932 49 989 49
238 476 238 92 1005 92 1005 36
326 861 474 861 474 544 521 544
131 661 131 58 278 58
87 497 267 497 267 115 324 115
630 1838 843 1838 843 1536 981 1536
265 1316 317 1316 317 1359 341 1359
609 1198 614 1198 614 1783 752 1783
286 1542 302 1542 302 1462
550 1661 550 1599 954 1599 954 1588
669 1262 669 1394 868 1394 868 1746
161 1172 201 1172 201 1525 297 1525
206 1507 206 1420 377 1420 377 1382
15 1055 15 1200 441 1200 441 1662
517 1297 517 1448 615 1448 615 1677
223 2710 223 2875 361 2875 361 3065
97 2238 97 2525 403 2525 403 2601
463 2671 632 2671 632 2383 1018 2383
40 2599 228 2599 228 2335 847 2335
530 2263 606 2263 606 2601 749 2601
233 2403 233 2330 802 2330 802 2329
104 2900 104 2153 617 2153 617 2115
68 2088 68 2339 908 2339 908 2740
25 2786 25 2048 698 2048
138 2215 138 2976 343 2976
57 2868 462 2868 462 2337 595 2337
879 3742 882 3742 882 3512 954 3512
73 3752 120 3752 120 4009 121 4009
705 3938 986 3938 986 4085 1000 4085
229 3620 229 3770 451 3770 451 3960
61 3400 61 3504 872 3504 872 3554
371 3517 542 3517 542 3336 604 3336
167 3851 873 3851 873 3118 905 3118
51 3351 905 3351 905 3295 1005 3295
311 3371 311 3128 505 3128 505 3113
610 3188 610 3362 784 3362 784 3449
1152 873 1152 933 1906 933 1906 943
1382 353 1428 353 1428 666 1624 666
1654 874 1654 746 1679 746 1679 729
1297 28 1901 28 1901 872 1931 872
1821 289 1821 387 1900 387 1900 738
1391 427 1391 387 1487 387 1487 95
1587 990 1934 990 1934 451 2046 451
1651 848 1651 301 1815 301 1815 191
1173 447 1173 427 2042 427 2042 379
1091 485 1091 416 1722 416 1722 155
1425 656 1441 656 1441 417 1486 417
1295 1604 1295 1457 1325 1457 1325 1037
1329 1071 1329 1161 1801 1161 1801 1842
1271 1291 1271 1301 1778 1301 1778 1307
1783 1236 1795 1236 1795 1842
1366 1535 1366 1484 1891 1484 1891 1428
1650 1557 1882 1557 1882 1813 1890 1813
1148 1570 1268 1570 1268 1802 1933 1802
1053 1311 1053 1126 1385 1126
1081 1542 1906 1542 1906 1460 1944 1460
1538 1922 1538 1470 1619 1470
1098 1568 1400 1568 1400 2000 1876 2000
1788 2332 1788 2575 1961 2575 1961 2779
1143 2566 1143 2645 1704 2645 1704 2991
1370 2165 1370 2232 1641 2232 1641 2470
1634 2396 1634 2325 1990 2325 1990 2222
1394 2362 1447 2362 1447 2165 1814 2165
1182 2097 1193 2097 1193 2498 1215 2498
1603 2089 1603 2139 1885 2139 1885 2191
1651 2490 1651 2689 1670 2689 1670 2926
1105 2607 1105 2966 1948 2966
1747 2558 1747 2577 1822 2577 1822 2682
1149 2670 1257 2670 1257 2895 1271 2895
1558 3371 1593 3371 1593 3597 1889 3597
1068 4090 1072 4090 1072 3835 1572 3835
1127 3450 1355 3450 1355 3965 1371 3965
1843 3944 1856 3944 1856 3325 1942 3325
1281 3781 1342 3781 1342 3988 1350 3988
1181 3590 1181 3584 1304 3584 1304 3528
1037 3205 1037 3315 1217 3315 1217 3355
1396 3181 1500 3181 1500 3272 1595 3272
1082 3162 1082 3632 1204 3632 1204 4049
1429 3377 1429 3350 2018 3350 2018 3245
2299 715 2458 715 2458 950 3045 950
2239 161 2273 161 2273 264 2734 264
2281 596 2281 493 2374 493 2374 385
2817 552 2817 571 2854 571 2854 742
2494 713 2494 960 2564 960 2564 974
2359 384 2359 337 2809 337 2809 276
2931 73 2957 73 2957 511 2969 511
2493 68 2493 280 2934 280 2934 725
2143 988 2522 988 2522 585 2718 585
2244 200 2244 418 2704 418
2533 289 2533 670 2932 670 2932 974
2699 1626 2699 1721 2829 1721 2829 1807
2311 2027 2311 1983 2992 1983 2992 1966
2086 2030 2124 2030 2124 1400 2130 1400
2833 1716 2833 1866 3030 1866 3030 1892
2292 1322 2298 1322 2298 1886 2317 1886
2290 1474 2415 1474 2415 1955 2848 1955
2221 1619 2222 1619 2222 1361 3068 1361
2493 1160 2493 1495 2521 1495 2521 2034
2144 1461 2182 1461 2182 2000 2646 2000
2110 1070 2524 1070 2524 1339 2582 1339
2758 1488 2822 1488 2822 1026 2951 1026
2301 2827 2301 2818 2563 2818 2563 2067
2456 2652 2456 2239 2974 2239 2974 2184
2594 2219 2703 2219 2703 2798 2846 2798
2228 2325 2341 2325 2341 2085 2781 2085
2278 2086 2417 2086 2417 2832 2837 2832
2603 2630 2603 2182 2627 2182
2260 2530 2266 2530 2266 2911 2435 2911
2145 2611 2678 2611 2678 2702 2716 2702
2405 2626 2755 2626 2755 2182 2803 2182
2629 2903 2629 2342 2698 2342 2698 2172
2333 2470 2333 2534 2346 2534 2346 2547
2356 3280 2356 3679 2689 3679 2689 3810
2774 3299 2806 3299 2806 3934 2854 3934
2486 3299 2721 3299 2721 4046 2940 4046
2379 3286 2400 3286 2400 3416 2405 3416
2586 3709 2586 3544 2720 3544 2720 3483
2502 3911 2533 3911 2533 3906 2536 3906
2740 3890 2770 3890 2770 3819 2786 3819
2329 3611 2329 3632 2705 3632 2705 3637
2079 3544 2079 3999 2371 3999 2371 4004
2200 3643 2200 3685 2352 3685 2352 3876
2182 4002 2182 3606 2489 3606
3161 102 3261 102 3261 779 3287 779
3386 107 3942 107 3942 802 4095 802
3616 936 3692 936 3692 379 3796 379
3778 498 3786 498 3786 814 3809 814
3237 250 3237 275 4073 275 4073 534
3086 234 3123 234 3123 860 3165 860
3433 931 3482 931 3482 803 3703 803
3356 714 3554 714 3554 339 3637 339
3733 669 3733 792 3887 792 3887 870
3084 212 3084 238 3894 238 3894 267
3287 1214 3333 1214 3333 1713 3711 1713
3117 1037 3117 1225 3660 1225 3660 1279
3176 1226 3176 1207 4046 1207 4046 1077
3434 1776 3434 1031 4026 1031
3189 1654 3464 1654 3464 1278 4051 1278
3096 1609 3096 1065 4024 1065
3858 1601 3904 1601 3904 1056 4039 1056
3550 1385 3550 1460 4080 1460 4080 1927
3369 1725 3369 1819 4001 1819 4001 1873
3245 1659 4012 1659 4012 1885 4063 1885
3390 1566 3734 1566 3734 1651 3878 1651
3105 2750 3276 2750 3276 2255 3727 2255
3197 2324 3879 2324 3879 2467 3890 2467
4039 3046 4045 3046 4045 2516 4065 2516
3555 2975 3820 2975 3820 2733 3932 2733
3534 2143 3534 2712 4046 2712
3639 2101 3639 2311 3807 2311 3807 2388
3127 2860 3226 2860 3226 2198 3255 2198
3567 2119 4047 2119 4047 2961 4051 2961
3234 2854 3234 2795 4005 2795
3240 2628 3240 2807 3419 2807
3217 4072 3217 3267 3659 3267 3659 3124
3546 4038 3591 4038 3591 3741 3682 3741
3187 3691 3187 3447 3744 3447 3744 3259
3373 3249 3539 3249 3539 3955 3727 3955
3219 3751 3219 3772 3741 3772 3741 3784
3512 3831 3550 3831 3550 3696 3661 3696
3239 3724 3239 3883 3596 3883 3596 3895
3158 3756 3158 3852 3596 3852
3447 3786 3447 3564 3738 3564 3738 3181
3689 3803 3748 3803 3748 3499 3921 3499
